{"type":"thread.started","thread_id":"019cfe90-5438-7992-9818-9ad1cfcb38ff"}
{"type":"turn.started"}
{"type":"item.completed","item":{"id":"item_0","type":"agent_message","text":"Running the provided US factor-mining batch as-is against the DuckDB source and the local evaluation pipeline. I’ll capture the ranking output and report the results directly."}}
{"type":"item.started","item":{"id":"item_1","type":"command_execution","command":"/usr/bin/zsh -lc \"python - <<'PY'\nimport sys; sys.path.insert(0, '.')\nimport duckdb, pandas as pd, numpy as np\nfrom src.dsl.parser import parse\nfrom src.dsl.compute import compute_factor\nfrom src.evaluate.forward_returns import compute_forward_returns\nfrom src.evaluate.ic import compute_ic_series, ic_summary\nfrom src.evaluate.quintile import compute_quintile_returns\n\ncon = duckdb.connect('/home/ivena/coding/python/quant-research-v1/data/quant.duckdb', read_only=True)\nprices = con.execute(\\\"SELECT symbol as ts_code, date as trade_date, open, high, low, adj_close as close, volume FROM prices_daily WHERE adj_close > 0 ORDER BY symbol, date\\\").fetchdf()\ncon.close()\nfwd = compute_forward_returns('/home/ivena/coding/python/quant-research-v1/data/quant.duckdb', 'prices_daily', 'date', 'adj_close', 'symbol')\nfwd = fwd.rename(columns={'symbol': 'ts_code', 'date': 'trade_date'})\n\nfactors = [\n    (\\\"vp_div_3d\\\", \\\"rank(-ts_corr(close, volume, 3))\\\", \\\"3D VP divergence\\\"),\n    (\\\"vp_div_10d\\\", \\\"rank(-ts_corr(close, volume, 10))\\\", \\\"10D VP divergence\\\"),\n    (\\\"vp_div_change\\\", \\\"rank(ts_corr(close, volume, 5) - ts_corr(close, volume, 20))\\\", \\\"VP corr regime shift\\\"),\n    (\\\"vol_price_asym\\\", \\\"rank(ts_corr(close, volume, 10)) * rank(-ret_5d)\\\", \\\"VP divergence in decline\\\"),\n    (\\\"shrink_surge_3d\\\", \\\"rank(-ts_std(volume, 10) / ts_mean(volume, 10)) * rank(volume / ts_mean(volume, 3))\\\", \\\"Tight shrink window\\\"),\n    (\\\"shrink_surge_hl\\\", \\\"rank(-ts_std(high - low, 20) / ts_mean(high - low, 20)) * rank((high - low) / ts_mean(high - low, 5))\\\", \\\"Range shrink then expand\\\"),\n    (\\\"quiet_breakout\\\", \\\"rank(-ts_std(close, 20) / ts_mean(close, 20)) * rank(abs(ret_1d))\\\", \\\"Price quiet then move\\\"),\n    (\\\"rev_5d_vol_confirm\\\", \\\"rank(-ret_5d) * rank(volume / ts_mean(volume, 5))\\\", \\\"Reversal + volume spike\\\"),\n    (\\\"rev_10d\\\", \\\"rank(-pct_change(close, 10))\\\", \\\"10D reversal\\\"),\n    (\\\"rev_gap_fill\\\", \\\"rank(-(close - open) / close) * rank(-ret_5d)\\\", \\\"Gap fill after decline\\\"),\n    (\\\"oversold_bounce\\\", \\\"rank(ts_min(low, 10) / close - 1) * rank(ret_1d)\\\", \\\"Near 10D low + today up\\\"),\n    (\\\"hammer\\\", \\\"rank((close - low) / (high - low + 0.01)) * rank(-ret_5d)\\\", \\\"Hammer after decline\\\"),\n    (\\\"engulfing\\\", \\\"rank((close - open) / (high - low + 0.01) - shift((close - open) / (high - low + 0.01), 1))\\\", \\\"Bullish engulfing\\\"),\n    (\\\"doji_reversal\\\", \\\"rank(-abs(close - open) / (high - low + 0.01)) * rank(abs(ret_5d))\\\", \\\"Doji after big move\\\"),\n    (\\\"upper_wick_sell\\\", \\\"rank((high - close) / (high - low + 0.01)) * rank(ret_5d)\\\", \\\"Upper wick distribution\\\"),\n    (\\\"vol_squeeze_5_20\\\", \\\"rank(-ts_std(ret_1d, 5) / (ts_std(ret_1d, 20) + 0.001))\\\", \\\"5v20 vol squeeze\\\"),\n    (\\\"vol_squeeze_10_60\\\", \\\"rank(-ts_std(ret_1d, 10) / (ts_std(ret_1d, 60) + 0.001))\\\", \\\"10v60 vol squeeze\\\"),\n    (\\\"realized_vs_range\\\", \\\"rank(-ts_std(ret_1d, 20) / ((ts_max(high, 20) - ts_min(low, 20)) / close + 0.001))\\\", \\\"Realized vol vs range\\\"),\n    (\\\"higher_lows\\\", \\\"rank(ts_min(low, 5) / ts_min(low, 20) - 1)\\\", \\\"Higher lows = bullish structure\\\"),\n    (\\\"lower_highs\\\", \\\"rank(-(ts_max(high, 5) / ts_max(high, 20) - 1))\\\", \\\"Lower highs = topping\\\"),\n    (\\\"range_contraction\\\", \\\"rank(-(ts_max(high, 5) - ts_min(low, 5)) / (ts_max(high, 20) - ts_min(low, 20) + 0.001))\\\", \\\"5D range vs 20D range\\\"),\n    (\\\"amount_surge\\\", \\\"rank(volume * close / ts_mean(volume * close, 20))\\\", \\\"Dollar volume surge\\\"),\n    (\\\"amount_trend\\\", \\\"rank(ts_mean(volume * close, 5) / ts_mean(volume * close, 20))\\\", \\\"Dollar volume trend\\\"),\n    (\\\"smart_money_rev\\\", \\\"rank(volume * close / ts_mean(volume * close, 20)) * rank(-ret_5d)\\\", \\\"Big money buying dip\\\"),\n    (\\\"momentum_quality\\\", \\\"rank(ret_20d) * rank(-ts_std(ret_1d, 20))\\\", \\\"Smooth uptrend = quality momentum\\\"),\n]\n\nresults = []\nfor name, formula, hypothesis in factors:\n    try:\n        ast = parse(formula)\n        factor_df = compute_factor(ast, prices, sym_col='ts_code', date_col='trade_date')\n        merged = factor_df.merge(fwd[['ts_code', 'trade_date', 'fwd_5d']], on=['ts_code', 'trade_date'], how='inner').dropna(subset=['fwd_5d', 'factor_value'])\n        if len(merged) < 1000:\n            continue\n        ic_stats = ic_summary(compute_ic_series(merged['factor_value'], merged['fwd_5d'], merged['trade_date']))\n        q = compute_quintile_returns(merged['factor_value'], merged['fwd_5d'], merged['trade_date'])\n        results.append((name, ic_stats['ic_mean'], ic_stats['ic_ir'], q['long_short_pct'], q['monotonicity'], hypothesis))\n        print(f\\\"  {name}: IC={ic_stats['ic_mean']:.4f}, IR={ic_stats['ic_ir']:.3f}, Q5-Q1={q['long_short_pct']:.3f}%, Mono={q['monotonicity']:.2f}\\\")\n    except Exception as e:\n        print(f\\\"  {name}: ERROR - {e}\\\")\n\nprint(\\\"\\\\n=== US BATCH 2 RANKING ===\\\")\nresults.sort(key=lambda x: abs(x[1]) if x[1] else 0, reverse=True)\nprint(f\\\"{'Factor':<25} {'IC':>8} {'IC_IR':>8} {'Q5-Q1%':>8} {'Mono':>6}\\\")\nfor r in results:\n    s = \\\"✅\\\" if abs(r[1] or 0) > 0.01 and abs(r[2] or 0) > 0.1 else \\\"❌\\\"\n    print(f\\\"{r[0]:<25} {r[1]:>8.4f} {r[2]:>8.3f} {r[3]:>8.3f} {r[4]:>6.2f} {s}\\\")\nPY\"","aggregated_output":"","exit_code":null,"status":"in_progress"}}
{"type":"item.completed","item":{"id":"item_2","type":"agent_message","text":"The batch is still running. I’m polling for the factor-by-factor metrics and final ranking table."}}
{"type":"item.completed","item":{"id":"item_1","type":"command_execution","command":"/usr/bin/zsh -lc \"python - <<'PY'\nimport sys; sys.path.insert(0, '.')\nimport duckdb, pandas as pd, numpy as np\nfrom src.dsl.parser import parse\nfrom src.dsl.compute import compute_factor\nfrom src.evaluate.forward_returns import compute_forward_returns\nfrom src.evaluate.ic import compute_ic_series, ic_summary\nfrom src.evaluate.quintile import compute_quintile_returns\n\ncon = duckdb.connect('/home/ivena/coding/python/quant-research-v1/data/quant.duckdb', read_only=True)\nprices = con.execute(\\\"SELECT symbol as ts_code, date as trade_date, open, high, low, adj_close as close, volume FROM prices_daily WHERE adj_close > 0 ORDER BY symbol, date\\\").fetchdf()\ncon.close()\nfwd = compute_forward_returns('/home/ivena/coding/python/quant-research-v1/data/quant.duckdb', 'prices_daily', 'date', 'adj_close', 'symbol')\nfwd = fwd.rename(columns={'symbol': 'ts_code', 'date': 'trade_date'})\n\nfactors = [\n    (\\\"vp_div_3d\\\", \\\"rank(-ts_corr(close, volume, 3))\\\", \\\"3D VP divergence\\\"),\n    (\\\"vp_div_10d\\\", \\\"rank(-ts_corr(close, volume, 10))\\\", \\\"10D VP divergence\\\"),\n    (\\\"vp_div_change\\\", \\\"rank(ts_corr(close, volume, 5) - ts_corr(close, volume, 20))\\\", \\\"VP corr regime shift\\\"),\n    (\\\"vol_price_asym\\\", \\\"rank(ts_corr(close, volume, 10)) * rank(-ret_5d)\\\", \\\"VP divergence in decline\\\"),\n    (\\\"shrink_surge_3d\\\", \\\"rank(-ts_std(volume, 10) / ts_mean(volume, 10)) * rank(volume / ts_mean(volume, 3))\\\", \\\"Tight shrink window\\\"),\n    (\\\"shrink_surge_hl\\\", \\\"rank(-ts_std(high - low, 20) / ts_mean(high - low, 20)) * rank((high - low) / ts_mean(high - low, 5))\\\", \\\"Range shrink then expand\\\"),\n    (\\\"quiet_breakout\\\", \\\"rank(-ts_std(close, 20) / ts_mean(close, 20)) * rank(abs(ret_1d))\\\", \\\"Price quiet then move\\\"),\n    (\\\"rev_5d_vol_confirm\\\", \\\"rank(-ret_5d) * rank(volume / ts_mean(volume, 5))\\\", \\\"Reversal + volume spike\\\"),\n    (\\\"rev_10d\\\", \\\"rank(-pct_change(close, 10))\\\", \\\"10D reversal\\\"),\n    (\\\"rev_gap_fill\\\", \\\"rank(-(close - open) / close) * rank(-ret_5d)\\\", \\\"Gap fill after decline\\\"),\n    (\\\"oversold_bounce\\\", \\\"rank(ts_min(low, 10) / close - 1) * rank(ret_1d)\\\", \\\"Near 10D low + today up\\\"),\n    (\\\"hammer\\\", \\\"rank((close - low) / (high - low + 0.01)) * rank(-ret_5d)\\\", \\\"Hammer after decline\\\"),\n    (\\\"engulfing\\\", \\\"rank((close - open) / (high - low + 0.01) - shift((close - open) / (high - low + 0.01), 1))\\\", \\\"Bullish engulfing\\\"),\n    (\\\"doji_reversal\\\", \\\"rank(-abs(close - open) / (high - low + 0.01)) * rank(abs(ret_5d))\\\", \\\"Doji after big move\\\"),\n    (\\\"upper_wick_sell\\\", \\\"rank((high - close) / (high - low + 0.01)) * rank(ret_5d)\\\", \\\"Upper wick distribution\\\"),\n    (\\\"vol_squeeze_5_20\\\", \\\"rank(-ts_std(ret_1d, 5) / (ts_std(ret_1d, 20) + 0.001))\\\", \\\"5v20 vol squeeze\\\"),\n    (\\\"vol_squeeze_10_60\\\", \\\"rank(-ts_std(ret_1d, 10) / (ts_std(ret_1d, 60) + 0.001))\\\", \\\"10v60 vol squeeze\\\"),\n    (\\\"realized_vs_range\\\", \\\"rank(-ts_std(ret_1d, 20) / ((ts_max(high, 20) - ts_min(low, 20)) / close + 0.001))\\\", \\\"Realized vol vs range\\\"),\n    (\\\"higher_lows\\\", \\\"rank(ts_min(low, 5) / ts_min(low, 20) - 1)\\\", \\\"Higher lows = bullish structure\\\"),\n    (\\\"lower_highs\\\", \\\"rank(-(ts_max(high, 5) / ts_max(high, 20) - 1))\\\", \\\"Lower highs = topping\\\"),\n    (\\\"range_contraction\\\", \\\"rank(-(ts_max(high, 5) - ts_min(low, 5)) / (ts_max(high, 20) - ts_min(low, 20) + 0.001))\\\", \\\"5D range vs 20D range\\\"),\n    (\\\"amount_surge\\\", \\\"rank(volume * close / ts_mean(volume * close, 20))\\\", \\\"Dollar volume surge\\\"),\n    (\\\"amount_trend\\\", \\\"rank(ts_mean(volume * close, 5) / ts_mean(volume * close, 20))\\\", \\\"Dollar volume trend\\\"),\n    (\\\"smart_money_rev\\\", \\\"rank(volume * close / ts_mean(volume * close, 20)) * rank(-ret_5d)\\\", \\\"Big money buying dip\\\"),\n    (\\\"momentum_quality\\\", \\\"rank(ret_20d) * rank(-ts_std(ret_1d, 20))\\\", \\\"Smooth uptrend = quality momentum\\\"),\n]\n\nresults = []\nfor name, formula, hypothesis in factors:\n    try:\n        ast = parse(formula)\n        factor_df = compute_factor(ast, prices, sym_col='ts_code', date_col='trade_date')\n        merged = factor_df.merge(fwd[['ts_code', 'trade_date', 'fwd_5d']], on=['ts_code', 'trade_date'], how='inner').dropna(subset=['fwd_5d', 'factor_value'])\n        if len(merged) < 1000:\n            continue\n        ic_stats = ic_summary(compute_ic_series(merged['factor_value'], merged['fwd_5d'], merged['trade_date']))\n        q = compute_quintile_returns(merged['factor_value'], merged['fwd_5d'], merged['trade_date'])\n        results.append((name, ic_stats['ic_mean'], ic_stats['ic_ir'], q['long_short_pct'], q['monotonicity'], hypothesis))\n        print(f\\\"  {name}: IC={ic_stats['ic_mean']:.4f}, IR={ic_stats['ic_ir']:.3f}, Q5-Q1={q['long_short_pct']:.3f}%, Mono={q['monotonicity']:.2f}\\\")\n    except Exception as e:\n        print(f\\\"  {name}: ERROR - {e}\\\")\n\nprint(\\\"\\\\n=== US BATCH 2 RANKING ===\\\")\nresults.sort(key=lambda x: abs(x[1]) if x[1] else 0, reverse=True)\nprint(f\\\"{'Factor':<25} {'IC':>8} {'IC_IR':>8} {'Q5-Q1%':>8} {'Mono':>6}\\\")\nfor r in results:\n    s = \\\"✅\\\" if abs(r[1] or 0) > 0.01 and abs(r[2] or 0) > 0.1 else \\\"❌\\\"\n    print(f\\\"{r[0]:<25} {r[1]:>8.4f} {r[2]:>8.3f} {r[3]:>8.3f} {r[4]:>6.2f} {s}\\\")\nPY\"","aggregated_output":"  vp_div_3d: IC=0.0195, IR=0.298, Q5-Q1=-0.025%, Mono=0.00\n  vp_div_10d: IC=0.0228, IR=0.261, Q5-Q1=-0.387%, Mono=-0.10\n  vp_div_change: IC=-0.0101, IR=-0.158, Q5-Q1=-0.096%, Mono=-0.70\n  vol_price_asym: IC=-0.0079, IR=-0.088, Q5-Q1=-0.186%, Mono=-0.50\n  shrink_surge_3d: IC=0.0442, IR=0.546, Q5-Q1=-0.223%, Mono=-0.40\n  shrink_surge_hl: IC=0.0293, IR=0.405, Q5-Q1=-0.470%, Mono=-0.90\n  quiet_breakout: IC=0.0358, IR=0.392, Q5-Q1=-0.451%, Mono=-0.90\n  rev_5d_vol_confirm: IC=0.0235, IR=0.241, Q5-Q1=-0.040%, Mono=-0.40\n  rev_10d: IC=-0.0034, IR=-0.026, Q5-Q1=0.339%, Mono=0.00\n  rev_gap_fill: IC=0.0156, IR=0.132, Q5-Q1=-0.154%, Mono=-0.40\n  oversold_bounce: IC=0.0399, IR=0.251, Q5-Q1=-0.736%, Mono=-1.00\n  hammer: IC=-0.0122, IR=-0.095, Q5-Q1=-0.301%, Mono=-0.70\n  engulfing: IC=-0.0073, IR=-0.077, Q5-Q1=-0.104%, Mono=-0.90\n  doji_reversal: IC=-0.0325, IR=-0.232, Q5-Q1=0.435%, Mono=0.90\n  upper_wick_sell: IC=0.0411, IR=0.298, Q5-Q1=-0.048%, Mono=-0.10\n  vol_squeeze_5_20: IC=0.0067, IR=0.089, Q5-Q1=0.014%, Mono=0.50\n  vol_squeeze_10_60: IC=-0.0060, IR=-0.074, Q5-Q1=-0.087%, Mono=-0.10\n  realized_vs_range: IC=-0.0063, IR=-0.081, Q5-Q1=0.353%, Mono=0.40\n  higher_lows: IC=-0.0105, IR=-0.086, Q5-Q1=0.292%, Mono=0.80\n  lower_highs: IC=-0.0298, IR=-0.216, Q5-Q1=1.779%, Mono=0.90\n  range_contraction: IC=-0.0004, IR=-0.006, Q5-Q1=0.336%, Mono=0.30\n  amount_surge: IC=0.0333, IR=0.420, Q5-Q1=-0.127%, Mono=0.00\n  amount_trend: IC=0.0201, IR=0.261, Q5-Q1=-0.039%, Mono=-0.30\n  smart_money_rev: IC=0.0419, IR=0.389, Q5-Q1=-0.534%, Mono=-0.60\n  momentum_quality: IC=0.0556, IR=0.299, Q5-Q1=-0.699%, Mono=-1.00\n\n=== US BATCH 2 RANKING ===\nFactor                          IC    IC_IR   Q5-Q1%   Mono\nmomentum_quality            0.0556    0.299   -0.699  -1.00 ✅\nshrink_surge_3d             0.0442    0.546   -0.223  -0.40 ✅\nsmart_money_rev             0.0419    0.389   -0.534  -0.60 ✅\nupper_wick_sell             0.0411    0.298   -0.048  -0.10 ✅\noversold_bounce             0.0399    0.251   -0.736  -1.00 ✅\nquiet_breakout              0.0358    0.392   -0.451  -0.90 ✅\namount_surge                0.0333    0.420   -0.127   0.00 ✅\ndoji_reversal              -0.0325   -0.232    0.435   0.90 ✅\nlower_highs                -0.0298   -0.216    1.779   0.90 ✅\nshrink_surge_hl             0.0293    0.405   -0.470  -0.90 ✅\nrev_5d_vol_confirm          0.0235    0.241   -0.040  -0.40 ✅\nvp_div_10d                  0.0228    0.261   -0.387  -0.10 ✅\namount_trend                0.0201    0.261   -0.039  -0.30 ✅\nvp_div_3d                   0.0195    0.298   -0.025   0.00 ✅\nrev_gap_fill                0.0156    0.132   -0.154  -0.40 ✅\nhammer                     -0.0122   -0.095   -0.301  -0.70 ❌\nhigher_lows                -0.0105   -0.086    0.292   0.80 ❌\nvp_div_change              -0.0101   -0.158   -0.096  -0.70 ✅\nvol_price_asym             -0.0079   -0.088   -0.186  -0.50 ❌\nengulfing                  -0.0073   -0.077   -0.104  -0.90 ❌\nvol_squeeze_5_20            0.0067    0.089    0.014   0.50 ❌\nrealized_vs_range          -0.0063   -0.081    0.353   0.40 ❌\nvol_squeeze_10_60          -0.0060   -0.074   -0.087  -0.10 ❌\nrev_10d                    -0.0034   -0.026    0.339   0.00 ❌\nrange_contraction          -0.0004   -0.006    0.336   0.30 ❌\n","exit_code":0,"status":"completed"}}
{"type":"item.completed","item":{"id":"item_3","type":"agent_message","text":"Computation is taking longer than the initial pass, likely at the factor evaluation stage. I’m keeping the process alive and checking for the completed ranking rather than interrupting it."}}
{"type":"item.completed","item":{"id":"item_4","type":"agent_message","text":"Ran the batch exactly as provided against `/home/ivena/coding/python/quant-research-v1/data/quant.duckdb`. All 25 factors evaluated without execution errors.\n\n```text\n=== US BATCH 2 RANKING ===\nFactor                          IC    IC_IR   Q5-Q1%   Mono\nmomentum_quality            0.0556    0.299   -0.699  -1.00 ✅\nshrink_surge_3d             0.0442    0.546   -0.223  -0.40 ✅\nsmart_money_rev             0.0419    0.389   -0.534  -0.60 ✅\nupper_wick_sell             0.0411    0.298   -0.048  -0.10 ✅\noversold_bounce             0.0399    0.251   -0.736  -1.00 ✅\nquiet_breakout              0.0358    0.392   -0.451  -0.90 ✅\namount_surge                0.0333    0.420   -0.127   0.00 ✅\ndoji_reversal              -0.0325   -0.232    0.435   0.90 ✅\nlower_highs                -0.0298   -0.216    1.779   0.90 ✅\nshrink_surge_hl             0.0293    0.405   -0.470  -0.90 ✅\nrev_5d_vol_confirm          0.0235    0.241   -0.040  -0.40 ✅\nvp_div_10d                  0.0228    0.261   -0.387  -0.10 ✅\namount_trend                0.0201    0.261   -0.039  -0.30 ✅\nvp_div_3d                   0.0195    0.298   -0.025   0.00 ✅\nrev_gap_fill                0.0156    0.132   -0.154  -0.40 ✅\nhammer                     -0.0122   -0.095   -0.301  -0.70 ❌\nhigher_lows                -0.0105   -0.086    0.292   0.80 ❌\nvp_div_change              -0.0101   -0.158   -0.096  -0.70 ✅\nvol_price_asym             -0.0079   -0.088   -0.186  -0.50 ❌\nengulfing                  -0.0073   -0.077   -0.104  -0.90 ❌\nvol_squeeze_5_20            0.0067    0.089    0.014   0.50 ❌\nrealized_vs_range          -0.0063   -0.081    0.353   0.40 ❌\nvol_squeeze_10_60          -0.0060   -0.074   -0.087  -0.10 ❌\nrev_10d                    -0.0034   -0.026    0.339   0.00 ❌\nrange_contraction          -0.0004   -0.006    0.336   0.30 ❌\n```\n\nMain takeaways: `momentum_quality` had the strongest IC, `shrink_surge_3d` had the best IR, and `lower_highs` had the strongest quintile spread. A lot of the positive-IC factors still show negative `Q5-Q1`, so before keeping them as long-top-quintile signals, their direction should be checked or inverted. If you want, I can turn this into a clean winners/losers shortlist for Batch 3."}}
{"type":"turn.completed","usage":{"input_tokens":60264,"cached_input_tokens":55296,"output_tokens":3850}}
