# Factor Evaluation Report — A-Share

Generated: 2026-03-18 00:05
Data: 2024-03-13 00:00:00 ~ 2026-03-17 00:00:00
Symbols: 336
Trading days with factors: 421

## Summary

| Factor | IC | IC_IR | IC>0% | Q5-Q1 | Mono | Status |
|--------|-----|-------|-------|-------|------|--------|
| rsi_14 | -0.0078 | -0.04 | 50.8% | 0.297% | 0.9 | ⚠️ |
| bb_position | -0.003 | -0.017 | 52.7% | 0.181% | 0.3 | ❌ |
| ma20_dist | -0.0129 | -0.065 | 50.6% | 0.298% | 0.9 | ⚠️ |
| reversion_score | -0.0159 | -0.13 | 44.4% | 0.114% | 0.1 | ❌ |
| volume_ratio | -0.0171 | -0.137 | 44.2% | 0.119% | 0.1 | ❌ |
| squeeze_ratio | -0.0119 | -0.078 | 46.2% | -0.013% | -0.3 | ❌ |
| ret_5d | -0.0189 | -0.097 | 47.5% | 0.022% | 0.7 | ❌ |

## Regime-Conditional IC

| Factor | Trending | Mean-Rev | Noisy |
|--------|----------|----------|-------|
| rsi_14 | -0.0334 | 0.0021 | 0.0011 |
| bb_position | -0.0286 | -0.0002 | 0.0117 |
| ma20_dist | -0.0459 | -0.0055 | 0.0008 |
| reversion_score | -0.0171 | -0.013 | -0.0173 |
| volume_ratio | -0.0223 | -0.0193 | -0.0149 |
| squeeze_ratio | -0.0352 | -0.0007 | -0.0106 |
| ret_5d | -0.0409 | -0.0234 | -0.0049 |

## Quintile Returns (5D fwd, %)

| Factor | Q1 | Q2 | Q3 | Q4 | Q5 | Q5-Q1 | Mono |
|--------|-----|-----|-----|-----|-----|-------|------|
| rsi_14 | 0.3 | 0.404 | 0.463 | 0.446 | 0.597 | 0.297 | 0.9 |
| bb_position | 0.23 | 0.444 | 0.49 | 0.464 | 0.411 | 0.181 | 0.3 |
| ma20_dist | 0.297 | 0.432 | 0.422 | 0.465 | 0.595 | 0.298 | 0.9 |
| reversion_score | 0.414 | 0.464 | 0.405 | 0.398 | 0.528 | 0.114 | 0.1 |
| volume_ratio | 0.343 | 0.5 | 0.464 | 0.442 | 0.462 | 0.119 | 0.1 |
| squeeze_ratio | 0.379 | 0.507 | 0.534 | 0.444 | 0.367 | -0.013 | -0.3 |
| ret_5d | 0.448 | 0.45 | 0.385 | 0.458 | 0.47 | 0.022 | 0.7 |

## Factor Correlation Matrix

```
                 rsi_14  bb_position  ma20_dist  reversion_score  volume_ratio  squeeze_ratio  ret_5d
rsi_14            1.000        0.889      0.898            0.037         0.230          0.227   0.636
bb_position       0.889        1.000      0.903            0.021         0.297          0.131   0.724
ma20_dist         0.898        0.903      1.000            0.028         0.293          0.155   0.698
reversion_score   0.037        0.021      0.028            1.000         0.232          0.031   0.059
volume_ratio      0.230        0.297      0.293            0.232         1.000         -0.069   0.308
squeeze_ratio     0.227        0.131      0.155            0.031        -0.069          1.000   0.040
ret_5d            0.636        0.724      0.698            0.059         0.308          0.040   1.000
```

**Redundant pairs (corr > 0.7):**
- bb_position ~ ma20_dist: 0.903
- rsi_14 ~ ma20_dist: 0.898
- rsi_14 ~ bb_position: 0.889
- bb_position ~ ret_5d: 0.724

---
*Generated by Factor Lab evaluation framework.*