# Factor Evaluation Report — US Equity

Generated: 2026-03-18 00:06
Data: 2024-03-07 00:00:00 ~ 2026-03-16 00:00:00
Symbols: 798
Trading days with factors: 444

## Summary

| Factor | IC | IC_IR | IC>0% | Q5-Q1 | Mono | Status |
|--------|-----|-------|-------|-------|------|--------|
| rsi_14 | 0.0212 | 0.15 | 57.5% | -0.097% | -0.9 | ⚠️ |
| bb_position | 0.0078 | 0.06 | 54.1% | 0.162% | 0.1 | ❌ |
| ma20_dist | 0.0053 | 0.039 | 52.3% | -0.369% | -0.1 | ❌ |
| reversion_score | -0.0103 | -0.116 | 46.2% | 0.426% | 1.0 | ⚠️ |
| volume_ratio | 0.0317 | 0.42 | 63.8% | -0.12% | 0.0 | ✅ |
| squeeze_ratio | 0.01 | 0.137 | 57.1% | 0.363% | 0.3 | ❌ |
| ret_5d | 0.0087 | 0.069 | 52.9% | 0.126% | 0.4 | ❌ |

## Regime-Conditional IC

| Factor | Trending | Mean-Rev | Noisy |
|--------|----------|----------|-------|
| rsi_14 | 0.0187 | 0.0166 | 0.0228 |
| bb_position | 0.0005 | 0.0038 | 0.0109 |
| ma20_dist | 0.008 | -0.002 | 0.0076 |
| reversion_score | -0.0225 | -0.0069 | -0.0101 |
| volume_ratio | 0.0155 | 0.039 | 0.0282 |
| squeeze_ratio | -0.0111 | 0.0173 | 0.0064 |
| ret_5d | -0.001 | 0.0066 | 0.0122 |

## Quintile Returns (5D fwd, %)

| Factor | Q1 | Q2 | Q3 | Q4 | Q5 | Q5-Q1 | Mono |
|--------|-----|-----|-----|-----|-----|-------|------|
| rsi_14 | 0.567 | 0.566 | 0.5 | 0.347 | 0.47 | -0.097 | -0.9 |
| bb_position | 0.403 | 0.387 | 0.667 | 0.34 | 0.565 | 0.162 | 0.1 |
| ma20_dist | 0.962 | 0.295 | 0.302 | 0.295 | 0.593 | -0.369 | -0.1 |
| reversion_score | 0.305 | 0.345 | 0.397 | 0.673 | 0.731 | 0.426 | 1.0 |
| volume_ratio | 0.682 | 0.324 | 0.41 | 0.458 | 0.561 | -0.12 | 0.0 |
| squeeze_ratio | 0.528 | 0.261 | 0.42 | 0.36 | 0.89 | 0.363 | 0.3 |
| ret_5d | 0.692 | 0.232 | 0.31 | 0.395 | 0.818 | 0.126 | 0.4 |

## Factor Correlation Matrix

```
                 rsi_14  bb_position  ma20_dist  reversion_score  volume_ratio  squeeze_ratio  ret_5d
rsi_14            1.000        0.888      0.873            0.045         0.050         -0.014   0.612
bb_position       0.888        1.000      0.894            0.066         0.044         -0.004   0.712
ma20_dist         0.873        0.894      1.000            0.055         0.069          0.013   0.688
reversion_score   0.045        0.066      0.055            1.000         0.153          0.013   0.039
volume_ratio      0.050        0.044      0.069            0.153         1.000         -0.060   0.070
squeeze_ratio    -0.014       -0.004      0.013            0.013        -0.060          1.000   0.013
ret_5d            0.612        0.712      0.688            0.039         0.070          0.013   1.000
```

**Redundant pairs (corr > 0.7):**
- bb_position ~ ma20_dist: 0.894
- rsi_14 ~ bb_position: 0.888
- rsi_14 ~ ma20_dist: 0.873
- bb_position ~ ret_5d: 0.712

---
*Generated by Factor Lab evaluation framework.*