{"type":"thread.started","thread_id":"019cfe6f-4671-78e1-9bd4-06e069b65a52"}
{"type":"turn.started"}
{"type":"item.completed","item":{"id":"item_0","type":"agent_message","text":"Running the requested factor mining script against the US equity DuckDB source from this workspace. I’ll execute it as-is first and then summarize the ranking and any failures."}}
{"type":"item.started","item":{"id":"item_1","type":"command_execution","command":"/usr/bin/zsh -lc \"python - <<'PY'\nimport sys; sys.path.insert(0, '.')\nimport duckdb, pandas as pd, numpy as np\nfrom src.dsl.parser import parse\nfrom src.dsl.compute import compute_factor\nfrom src.evaluate.forward_returns import compute_forward_returns\nfrom src.evaluate.ic import compute_ic_series, ic_summary\nfrom src.evaluate.quintile import compute_quintile_returns\n\ncon = duckdb.connect('/home/ivena/coding/python/quant-research-v1/data/quant.duckdb', read_only=True)\nprices = con.execute(\\\"SELECT symbol as ts_code, date as trade_date, open, high, low, adj_close as close, volume FROM prices_daily WHERE adj_close > 0 ORDER BY symbol, date\\\").fetchdf()\ncon.close()\nfwd = compute_forward_returns('/home/ivena/coding/python/quant-research-v1/data/quant.duckdb', 'prices_daily', 'date', 'adj_close', 'symbol')\n# Rename for consistency\nfwd = fwd.rename(columns={'symbol': 'ts_code', 'date': 'trade_date'})\n\nfactors = [\n    (\\\"rev_1d\\\", \\\"rank(-ret_1d)\\\", \\\"1-day reversal\\\"),\n    (\\\"rev_20d\\\", \\\"rank(-ret_20d)\\\", \\\"20-day reversal\\\"),\n    (\\\"mom_accel\\\", \\\"rank(ret_5d - shift(ret_5d, 5))\\\", \\\"Momentum acceleration\\\"),\n    (\\\"ret_ratio_5_20\\\", \\\"rank(ret_5d / (ret_20d + 0.001))\\\", \\\"Short vs medium term\\\"),\n    (\\\"vol_shrink_reversal\\\", \\\"rank(-volume / ts_mean(volume, 20)) * rank(-ret_5d)\\\", \\\"Oversold + shrinking volume\\\"),\n    (\\\"shrink_then_surge\\\", \\\"rank(-ts_std(volume, 20) / ts_mean(volume, 20)) * rank(volume / ts_mean(volume, 5))\\\", \\\"Low vol variability + recent surge\\\"),\n    (\\\"vol_price_corr_5\\\", \\\"rank(-ts_corr(close, volume, 5))\\\", \\\"5D volume-price divergence\\\"),\n    (\\\"vol_price_corr_20\\\", \\\"rank(-ts_corr(close, volume, 20))\\\", \\\"20D volume-price divergence\\\"),\n    (\\\"vol_price_corr_60\\\", \\\"rank(-ts_corr(close, volume, 60))\\\", \\\"60D volume-price divergence\\\"),\n    (\\\"amihud\\\", \\\"rank(-abs(ret_1d) / (volume * close + 1))\\\", \\\"Amihud illiquidity\\\"),\n    (\\\"vol_trend\\\", \\\"rank(ts_mean(volume, 5) / ts_mean(volume, 20))\\\", \\\"Volume trend\\\"),\n    (\\\"kbar_body\\\", \\\"rank((close - open) / (high - low + 0.01))\\\", \\\"K-bar body ratio\\\"),\n    (\\\"kbar_upper_shadow\\\", \\\"rank((high - close) / (high - low + 0.01))\\\", \\\"Upper shadow\\\"),\n    (\\\"kbar_lower_shadow\\\", \\\"rank((close - low) / (high - low + 0.01))\\\", \\\"Lower shadow\\\"),\n    (\\\"kbar_shift\\\", \\\"rank((close * 2 - high - low) / (high - low + 0.01))\\\", \\\"K-bar shift\\\"),\n    (\\\"vol_compression\\\", \\\"rank(-ts_std(ret_1d, 20) / ts_std(ret_1d, 60))\\\", \\\"Vol compression\\\"),\n    (\\\"range_20d\\\", \\\"rank((ts_max(high, 20) - ts_min(low, 20)) / close)\\\", \\\"20D range\\\"),\n    (\\\"rsv_20\\\", \\\"rank((close - ts_min(low, 20)) / (ts_max(high, 20) - ts_min(low, 20) + 0.01))\\\", \\\"RSV 20D\\\"),\n    (\\\"rsv_60\\\", \\\"rank((close - ts_min(low, 60)) / (ts_max(high, 60) - ts_min(low, 60) + 0.01))\\\", \\\"RSV 60D\\\"),\n    (\\\"dist_high_20\\\", \\\"rank((close - ts_max(high, 20)) / ts_max(high, 20))\\\", \\\"Distance from 20D high\\\"),\n    (\\\"dist_low_20\\\", \\\"rank((close - ts_min(low, 20)) / ts_min(low, 20))\\\", \\\"Distance from 20D low\\\"),\n    (\\\"value_reversal\\\", \\\"rank(-ret_5d) * rank(-ret_20d)\\\", \\\"Double reversal\\\"),\n    (\\\"vol_reversal\\\", \\\"rank(-ret_5d) * rank(-volume / ts_mean(volume, 20))\\\", \\\"Reversal on shrinking volume\\\"),\n    (\\\"breakout_confirm\\\", \\\"rank(close / ts_max(high, 20)) * rank(volume / ts_mean(volume, 20))\\\", \\\"Breakout with volume\\\"),\n    (\\\"momentum_5d\\\", \\\"rank(ret_5d)\\\", \\\"Simple 5D momentum\\\"),\n]\n\nresults = []\nfor name, formula, hypothesis in factors:\n    try:\n        ast = parse(formula)\n        factor_df = compute_factor(ast, prices, sym_col='ts_code', date_col='trade_date')\n        merged = factor_df.merge(fwd[['ts_code', 'trade_date', 'fwd_5d']], on=['ts_code', 'trade_date'], how='inner').dropna(subset=['fwd_5d', 'factor_value'])\n        if len(merged) < 1000: continue\n        ic_stats = ic_summary(compute_ic_series(merged['factor_value'], merged['fwd_5d'], merged['trade_date']))\n        q = compute_quintile_returns(merged['factor_value'], merged['fwd_5d'], merged['trade_date'])\n        results.append((name, ic_stats['ic_mean'], ic_stats['ic_ir'], q['long_short_pct'], q['monotonicity'], hypothesis))\n        print(f\\\"  {name}: IC={ic_stats['ic_mean']:.4f}, IR={ic_stats['ic_ir']:.3f}, Q5-Q1={q['long_short_pct']:.3f}%, Mono={q['monotonicity']:.2f}\\\")\n    except Exception as e:\n        print(f\\\"  {name}: ERROR - {e}\\\")\n\nprint(\\\"\\\\n=== US RANKING ===\\\")\nresults.sort(key=lambda x: abs(x[1]) if x[1] else 0, reverse=True)\nprint(f\\\"{'Factor':<25} {'IC':>8} {'IC_IR':>8} {'Q5-Q1%':>8} {'Mono':>6}\\\")\nfor r in results:\n    s = \\\"✅\\\" if abs(r[1] or 0) > 0.01 and abs(r[2] or 0) > 0.1 else \\\"❌\\\"\n    print(f\\\"{r[0]:<25} {r[1]:>8.4f} {r[2]:>8.3f} {r[3]:>8.3f} {r[4]:>6.2f} {s}\\\")\nPY\"","aggregated_output":"","exit_code":null,"status":"in_progress"}}
{"type":"item.completed","item":{"id":"item_2","type":"agent_message","text":"The run is in progress. I’m waiting on the full factor loop so I can report the ranking and any formulas that error out."}}
{"type":"item.completed","item":{"id":"item_3","type":"agent_message","text":"The dataset pass is heavier than the quick path suggests, likely dominated by the forward-return join and repeated factor computation. I’m letting it continue rather than changing execution so the output stays faithful to your script."}}
{"type":"item.completed","item":{"id":"item_1","type":"command_execution","command":"/usr/bin/zsh -lc \"python - <<'PY'\nimport sys; sys.path.insert(0, '.')\nimport duckdb, pandas as pd, numpy as np\nfrom src.dsl.parser import parse\nfrom src.dsl.compute import compute_factor\nfrom src.evaluate.forward_returns import compute_forward_returns\nfrom src.evaluate.ic import compute_ic_series, ic_summary\nfrom src.evaluate.quintile import compute_quintile_returns\n\ncon = duckdb.connect('/home/ivena/coding/python/quant-research-v1/data/quant.duckdb', read_only=True)\nprices = con.execute(\\\"SELECT symbol as ts_code, date as trade_date, open, high, low, adj_close as close, volume FROM prices_daily WHERE adj_close > 0 ORDER BY symbol, date\\\").fetchdf()\ncon.close()\nfwd = compute_forward_returns('/home/ivena/coding/python/quant-research-v1/data/quant.duckdb', 'prices_daily', 'date', 'adj_close', 'symbol')\n# Rename for consistency\nfwd = fwd.rename(columns={'symbol': 'ts_code', 'date': 'trade_date'})\n\nfactors = [\n    (\\\"rev_1d\\\", \\\"rank(-ret_1d)\\\", \\\"1-day reversal\\\"),\n    (\\\"rev_20d\\\", \\\"rank(-ret_20d)\\\", \\\"20-day reversal\\\"),\n    (\\\"mom_accel\\\", \\\"rank(ret_5d - shift(ret_5d, 5))\\\", \\\"Momentum acceleration\\\"),\n    (\\\"ret_ratio_5_20\\\", \\\"rank(ret_5d / (ret_20d + 0.001))\\\", \\\"Short vs medium term\\\"),\n    (\\\"vol_shrink_reversal\\\", \\\"rank(-volume / ts_mean(volume, 20)) * rank(-ret_5d)\\\", \\\"Oversold + shrinking volume\\\"),\n    (\\\"shrink_then_surge\\\", \\\"rank(-ts_std(volume, 20) / ts_mean(volume, 20)) * rank(volume / ts_mean(volume, 5))\\\", \\\"Low vol variability + recent surge\\\"),\n    (\\\"vol_price_corr_5\\\", \\\"rank(-ts_corr(close, volume, 5))\\\", \\\"5D volume-price divergence\\\"),\n    (\\\"vol_price_corr_20\\\", \\\"rank(-ts_corr(close, volume, 20))\\\", \\\"20D volume-price divergence\\\"),\n    (\\\"vol_price_corr_60\\\", \\\"rank(-ts_corr(close, volume, 60))\\\", \\\"60D volume-price divergence\\\"),\n    (\\\"amihud\\\", \\\"rank(-abs(ret_1d) / (volume * close + 1))\\\", \\\"Amihud illiquidity\\\"),\n    (\\\"vol_trend\\\", \\\"rank(ts_mean(volume, 5) / ts_mean(volume, 20))\\\", \\\"Volume trend\\\"),\n    (\\\"kbar_body\\\", \\\"rank((close - open) / (high - low + 0.01))\\\", \\\"K-bar body ratio\\\"),\n    (\\\"kbar_upper_shadow\\\", \\\"rank((high - close) / (high - low + 0.01))\\\", \\\"Upper shadow\\\"),\n    (\\\"kbar_lower_shadow\\\", \\\"rank((close - low) / (high - low + 0.01))\\\", \\\"Lower shadow\\\"),\n    (\\\"kbar_shift\\\", \\\"rank((close * 2 - high - low) / (high - low + 0.01))\\\", \\\"K-bar shift\\\"),\n    (\\\"vol_compression\\\", \\\"rank(-ts_std(ret_1d, 20) / ts_std(ret_1d, 60))\\\", \\\"Vol compression\\\"),\n    (\\\"range_20d\\\", \\\"rank((ts_max(high, 20) - ts_min(low, 20)) / close)\\\", \\\"20D range\\\"),\n    (\\\"rsv_20\\\", \\\"rank((close - ts_min(low, 20)) / (ts_max(high, 20) - ts_min(low, 20) + 0.01))\\\", \\\"RSV 20D\\\"),\n    (\\\"rsv_60\\\", \\\"rank((close - ts_min(low, 60)) / (ts_max(high, 60) - ts_min(low, 60) + 0.01))\\\", \\\"RSV 60D\\\"),\n    (\\\"dist_high_20\\\", \\\"rank((close - ts_max(high, 20)) / ts_max(high, 20))\\\", \\\"Distance from 20D high\\\"),\n    (\\\"dist_low_20\\\", \\\"rank((close - ts_min(low, 20)) / ts_min(low, 20))\\\", \\\"Distance from 20D low\\\"),\n    (\\\"value_reversal\\\", \\\"rank(-ret_5d) * rank(-ret_20d)\\\", \\\"Double reversal\\\"),\n    (\\\"vol_reversal\\\", \\\"rank(-ret_5d) * rank(-volume / ts_mean(volume, 20))\\\", \\\"Reversal on shrinking volume\\\"),\n    (\\\"breakout_confirm\\\", \\\"rank(close / ts_max(high, 20)) * rank(volume / ts_mean(volume, 20))\\\", \\\"Breakout with volume\\\"),\n    (\\\"momentum_5d\\\", \\\"rank(ret_5d)\\\", \\\"Simple 5D momentum\\\"),\n]\n\nresults = []\nfor name, formula, hypothesis in factors:\n    try:\n        ast = parse(formula)\n        factor_df = compute_factor(ast, prices, sym_col='ts_code', date_col='trade_date')\n        merged = factor_df.merge(fwd[['ts_code', 'trade_date', 'fwd_5d']], on=['ts_code', 'trade_date'], how='inner').dropna(subset=['fwd_5d', 'factor_value'])\n        if len(merged) < 1000: continue\n        ic_stats = ic_summary(compute_ic_series(merged['factor_value'], merged['fwd_5d'], merged['trade_date']))\n        q = compute_quintile_returns(merged['factor_value'], merged['fwd_5d'], merged['trade_date'])\n        results.append((name, ic_stats['ic_mean'], ic_stats['ic_ir'], q['long_short_pct'], q['monotonicity'], hypothesis))\n        print(f\\\"  {name}: IC={ic_stats['ic_mean']:.4f}, IR={ic_stats['ic_ir']:.3f}, Q5-Q1={q['long_short_pct']:.3f}%, Mono={q['monotonicity']:.2f}\\\")\n    except Exception as e:\n        print(f\\\"  {name}: ERROR - {e}\\\")\n\nprint(\\\"\\\\n=== US RANKING ===\\\")\nresults.sort(key=lambda x: abs(x[1]) if x[1] else 0, reverse=True)\nprint(f\\\"{'Factor':<25} {'IC':>8} {'IC_IR':>8} {'Q5-Q1%':>8} {'Mono':>6}\\\")\nfor r in results:\n    s = \\\"✅\\\" if abs(r[1] or 0) > 0.01 and abs(r[2] or 0) > 0.1 else \\\"❌\\\"\n    print(f\\\"{r[0]:<25} {r[1]:>8.4f} {r[2]:>8.3f} {r[3]:>8.3f} {r[4]:>6.2f} {s}\\\")\nPY\"","aggregated_output":"  rev_1d: IC=0.0044, IR=0.035, Q5-Q1=0.198%, Mono=0.30\n  rev_20d: IC=-0.0109, IR=-0.080, Q5-Q1=0.432%, Mono=0.40\n  mom_accel: IC=-0.0003, IR=-0.002, Q5-Q1=0.286%, Mono=0.10\n  ret_ratio_5_20: IC=0.0020, IR=0.034, Q5-Q1=-0.065%, Mono=-0.10\n  vol_shrink_reversal: IC=-0.0120, IR=-0.130, Q5-Q1=-0.072%, Mono=-0.10\n  shrink_then_surge: IC=0.0525, IR=0.564, Q5-Q1=-0.506%, Mono=-1.00\n  vol_price_corr_5: IC=0.0251, IR=0.340, Q5-Q1=-0.060%, Mono=-0.50\n  vol_price_corr_20: IC=0.0203, IR=0.223, Q5-Q1=-0.452%, Mono=-0.90\n  vol_price_corr_60: IC=0.0322, IR=0.295, Q5-Q1=-0.138%, Mono=-0.20\n  amihud: IC=0.0683, IR=0.557, Q5-Q1=-0.177%, Mono=-0.70\n  vol_trend: IC=0.0187, IR=0.261, Q5-Q1=-0.071%, Mono=-0.10\n  kbar_body: IC=-0.0275, IR=-0.198, Q5-Q1=0.009%, Mono=0.40\n  kbar_upper_shadow: IC=0.0361, IR=0.243, Q5-Q1=-0.259%, Mono=-0.10\n  kbar_lower_shadow: IC=-0.0344, IR=-0.229, Q5-Q1=-0.196%, Mono=-0.20\n  kbar_shift: IC=-0.0354, IR=-0.237, Q5-Q1=-0.024%, Mono=0.00\n  vol_compression: IC=-0.0104, IR=-0.138, Q5-Q1=-0.281%, Mono=-0.30\n  range_20d: IC=-0.0580, IR=-0.296, Q5-Q1=0.797%, Mono=1.00\n  rsv_20: IC=0.0059, IR=0.048, Q5-Q1=-0.139%, Mono=-0.20\n  rsv_60: IC=0.0362, IR=0.282, Q5-Q1=0.031%, Mono=0.00\n  dist_high_20: IC=0.0465, IR=0.312, Q5-Q1=-0.631%, Mono=-1.00\n  dist_low_20: IC=-0.0396, IR=-0.252, Q5-Q1=0.459%, Mono=0.70\n  value_reversal: IC=0.0020, IR=0.016, Q5-Q1=0.083%, Mono=0.00\n  vol_reversal: IC=-0.0120, IR=-0.130, Q5-Q1=-0.072%, Mono=-0.10\n  breakout_confirm: IC=0.0537, IR=0.413, Q5-Q1=-0.400%, Mono=-0.90\n  momentum_5d: IC=0.0072, IR=0.060, Q5-Q1=0.053%, Mono=0.40\n\n=== US RANKING ===\nFactor                          IC    IC_IR   Q5-Q1%   Mono\namihud                      0.0683    0.557   -0.177  -0.70 ✅\nrange_20d                  -0.0580   -0.296    0.797   1.00 ✅\nbreakout_confirm            0.0537    0.413   -0.400  -0.90 ✅\nshrink_then_surge           0.0525    0.564   -0.506  -1.00 ✅\ndist_high_20                0.0465    0.312   -0.631  -1.00 ✅\ndist_low_20                -0.0396   -0.252    0.459   0.70 ✅\nrsv_60                      0.0362    0.282    0.031   0.00 ✅\nkbar_upper_shadow           0.0361    0.243   -0.259  -0.10 ✅\nkbar_shift                 -0.0354   -0.237   -0.024   0.00 ✅\nkbar_lower_shadow          -0.0344   -0.229   -0.196  -0.20 ✅\nvol_price_corr_60           0.0322    0.295   -0.138  -0.20 ✅\nkbar_body                  -0.0275   -0.198    0.009   0.40 ✅\nvol_price_corr_5            0.0251    0.340   -0.060  -0.50 ✅\nvol_price_corr_20           0.0203    0.223   -0.452  -0.90 ✅\nvol_trend                   0.0187    0.261   -0.071  -0.10 ✅\nvol_shrink_reversal        -0.0120   -0.130   -0.072  -0.10 ✅\nvol_reversal               -0.0120   -0.130   -0.072  -0.10 ✅\nrev_20d                    -0.0109   -0.080    0.432   0.40 ❌\nvol_compression            -0.0104   -0.138   -0.281  -0.30 ✅\nmomentum_5d                 0.0072    0.060    0.053   0.40 ❌\nrsv_20                      0.0059    0.048   -0.139  -0.20 ❌\nrev_1d                      0.0044    0.035    0.198   0.30 ❌\nret_ratio_5_20              0.0020    0.034   -0.065  -0.10 ❌\nvalue_reversal              0.0020    0.016    0.083   0.00 ❌\nmom_accel                  -0.0003   -0.002    0.286   0.10 ❌\n","exit_code":0,"status":"completed"}}
{"type":"item.completed","item":{"id":"item_4","type":"agent_message","text":"The script completed successfully on the US equity dataset in `/home/ivena/coding/python/quant-research-v1/data/quant.duckdb`. All 25 formulas ran; no factor errors.\n\n```text\nFactor                          IC    IC_IR   Q5-Q1%   Mono   Flag\namihud                      0.0683    0.557   -0.177  -0.70   pass\nrange_20d                  -0.0580   -0.296    0.797   1.00   pass\nbreakout_confirm            0.0537    0.413   -0.400  -0.90   pass\nshrink_then_surge           0.0525    0.564   -0.506  -1.00   pass\ndist_high_20                0.0465    0.312   -0.631  -1.00   pass\ndist_low_20                -0.0396   -0.252    0.459   0.70   pass\nrsv_60                      0.0362    0.282    0.031   0.00   pass\nkbar_upper_shadow           0.0361    0.243   -0.259  -0.10   pass\nkbar_shift                 -0.0354   -0.237   -0.024   0.00   pass\nkbar_lower_shadow          -0.0344   -0.229   -0.196  -0.20   pass\nvol_price_corr_60           0.0322    0.295   -0.138  -0.20   pass\nkbar_body                  -0.0275   -0.198    0.009   0.40   pass\nvol_price_corr_5            0.0251    0.340   -0.060  -0.50   pass\nvol_price_corr_20           0.0203    0.223   -0.452  -0.90   pass\nvol_trend                   0.0187    0.261   -0.071  -0.10   pass\nvol_shrink_reversal        -0.0120   -0.130   -0.072  -0.10   pass\nvol_reversal               -0.0120   -0.130   -0.072  -0.10   pass\nrev_20d                    -0.0109   -0.080    0.432   0.40   fail\nvol_compression            -0.0104   -0.138   -0.281  -0.30   pass\nmomentum_5d                 0.0072    0.060    0.053   0.40   fail\nrsv_20                      0.0059    0.048   -0.139  -0.20   fail\nrev_1d                      0.0044    0.035    0.198   0.30   fail\nret_ratio_5_20              0.0020    0.034   -0.065  -0.10   fail\nvalue_reversal              0.0020    0.016    0.083   0.00   fail\nmom_accel                  -0.0003   -0.002    0.286   0.10   fail\n```\n\nNotable points: `amihud` had the highest IC, `range_20d` had the strongest positive Q5-Q1 spread, and several high-IC factors (`breakout_confirm`, `shrink_then_surge`, `dist_high_20`) showed negative long-short spreads, which suggests their effective trade direction may be inverted relative to the raw rank."}}
{"type":"turn.completed","usage":{"input_tokens":58115,"cached_input_tokens":48512,"output_tokens":3664}}
